input=["1:123-456";"20:234-567"];
